-1.460486506053502751e+02 -1.627418393253502700e+02 -1.774350280453502933e+02 -1.901282167653502881e+02 -2.008214054853502546e+02 -2.095145942053502495e+02 -2.162077829253502728e+02 -2.209009716453502676e+02 -2.235941603653502625e+02 0.000000000000000000e+00
-1.636958947253502856e+02 -1.803890834453503089e+02 -1.950822721653503038e+02 -2.077754608853502987e+02 -2.184686496053502651e+02 -2.271618383253502884e+02 -2.338550270453502833e+02 -2.385482157653502782e+02 -2.412414044853503015e+02 0.000000000000000000e+00
-1.793431388453502677e+02 -1.960363275653502910e+02 -2.107295162853502859e+02 -2.234227050053502808e+02 -2.341158937253502756e+02 -2.428090824453502705e+02 -2.495022711653502654e+02 -2.541954598853502603e+02 -2.568886486053502836e+02 0.000000000000000000e+00
-1.929903829653502783e+02 -2.096835716853502731e+02 -2.243767604053502964e+02 -2.370699491253502913e+02 -2.477631378453502577e+02 -2.564563265653502526e+02 -2.631495152853502759e+02 -2.678427040053502424e+02 -2.705358927253502657e+02 0.000000000000000000e+00
-2.046376270853502888e+02 -2.213308158053502837e+02 -2.360240045253502785e+02 -2.487171932453503018e+02 -2.594103819653502683e+02 -2.681035706853502916e+02 -2.747967594053502580e+02 -2.794899481253502813e+02 -2.821831368453503046e+02 0.000000000000000000e+00
-2.142848712053502993e+02 -2.309780599253503226e+02 -2.456712486453503175e+02 -2.583644373653503408e+02 -2.690576260853503072e+02 -2.777508148053502737e+02 -2.844440035253502970e+02 -2.891371922453503203e+02 -2.918303809653502867e+02 0.000000000000000000e+00
-2.219321153253503098e+02 -2.386253040453503047e+02 -2.533184927653502996e+02 -2.660116814853503229e+02 -2.767048702053502893e+02 -2.853980589253503126e+02 -2.920912476453502791e+02 -2.967844363653503024e+02 -2.994776250853503257e+02 0.000000000000000000e+00
-2.275793594453502919e+02 -2.442725481653503152e+02 -2.589657368853503385e+02 -2.716589256053503050e+02 -2.823521143253502714e+02 -2.910453030453502947e+02 -2.977384917653503180e+02 -3.024316804853502845e+02 -3.051248692053503078e+02 0.000000000000000000e+00
-2.312266035653503025e+02 -2.479197922853502973e+02 -2.626129810053503206e+02 -2.753061697253502871e+02 -2.859993584453502535e+02 -2.946925471653502768e+02 -3.013857358853503001e+02 -3.060789246053502666e+02 -3.087721133253502899e+02 0.000000000000000000e+00
0.000000000000000000e+00 0.000000000000000000e+00 0.000000000000000000e+00 0.000000000000000000e+00 0.000000000000000000e+00 0.000000000000000000e+00 0.000000000000000000e+00 0.000000000000000000e+00 0.000000000000000000e+00 0.000000000000000000e+00
